0,595,357,85,0.009320,-1
991,559,32,121,0.000781,-1
538,449,97,36,0.005134,-1
569,333,40,64,0.001004,-1
481,74,120,62,0.002010,-1
145,254,89,144,0.000404,-1
304,553,383,127,0.000684,-1
987,160,36,97,0.001372,-1
202,557,162,98,0.000437,-1
566,333,48,105,0.000254,-1
566,395,48,43,0.001276,-1
510,481,85,35,0.003375,-1
188,210,136,182,0.002014,-1
0,0,100,25,0.000104,-1
54,148,131,172,0.004495,-1
879,167,105,75,0.018192,-1
821,332,108,112,0.002457,-1
481,72,177,64,0.002035,-1
569,237,90,160,0.002338,-1
878,201,78,47,0.006784,-1
346,75,144,78,0.007911,-1
516,396,113,63,0.007655,-1
0,0,53,53,0.000046,-1
0,0,160,53,0.000131,-1
877,167,108,147,0.004215,-1
646,335,102,80,0.002174,-1
513,324,62,91,0.000993,-1
515,396,120,86,0.003771,-1
0,553,645,127,0.001746,-1
260,219,76,130,0.000488,-1
698,440,58,54,0.005441,-1
344,362,77,62,0.000431,-1
767,325,95,43,0.006497,-1
827,247,62,50,0.004401,-1
0,82,281,409,0.006163,-1
566,237,182,243,0.000825,-1
130,267,61,105,0.000677,-1
767,247,137,142,0.001249,-1
215,401,104,67,0.001839,-1
54,148,180,250,0.008683,-1
820,459,100,52,0.008511,-1
877,201,108,113,0.006303,-1
145,210,179,188,0.002790,-1
767,291,159,98,0.001174,-1
493,199,255,281,0.001451,-1
516,396,113,63,0.007655,-1
0,595,56,52,0.002070,-1
455,323,120,92,0.000371,-1
260,219,62,76,0.000357,-1
0,0,115,55,0.000071,-1
130,303,78,88,0.001060,-1
0,483,158,125,0.002751,-1
23,254,211,217,0.001439,-1
213,385,106,83,0.003980,-1
213,385,106,83,0.003980,-1
566,333,105,106,0.000538,-1
566,392,105,47,0.004213,-1
493,199,166,198,0.005190,-1
596,461,227,219,0.003748,-1
304,461,519,219,0.001636,-1
493,199,90,98,0.001374,-1
323,377,74,92,0.000792,-1
588,316,160,124,0.001116,-1
0,19,115,36,0.000396,-1
510,454,176,70,0.001811,-1
596,461,427,219,0.004878,-1
249,137,87,212,0.001037,-1
23,148,211,323,0.004823,-1
515,396,73,68,0.002197,-1
0,0,502,491,0.001845,-1
161,336,59,83,0.000380,-1
510,466,99,50,0.004575,-1
160,488,204,167,0.000401,-1
607,283,70,53,0.001813,-1
767,291,162,153,0.000605,-1
510,449,132,67,0.002585,-1
789,237,100,60,0.006419,-1
606,273,102,70,0.005874,-1
588,72,70,51,0.000423,-1
596,530,50,107,0.000932,-1
598,392,114,88,0.000845,-1
140,488,393,167,0.000209,-1
607,283,70,103,0.001453,-1
0,0,192,55,0.000065,-1
445,278,130,137,0.001094,-1
168,504,485,176,0.000627,-1
856,291,70,87,0.001268,-1
407,396,96,69,0.020636,-1
804,213,76,35,0.001195,-1
445,321,76,23,0.000482,-1
672,214,70,72,0.002485,-1
323,369,61,100,0.000383,-1
0,0,249,89,0.000068,-1
315,299,260,170,0.001050,-1
346,74,255,79,0.002729,-1
653,335,95,105,0.000931,-1
566,237,182,202,0.004421,-1
699,229,43,57,0.002739,-1
407,336,110,129,0.001014,-1
566,392,146,48,0.009675,-1
0,148,287,472,0.003951,-1
213,382,116,112,0.000570,-1
130,303,90,138,0.000461,-1
596,167,427,513,0.004468,-1
188,210,256,182,0.003334,-1
391,388,126,77,0.019586,-1
0,483,364,197,0.000581,-1
0,0,115,55,0.000071,-1
407,388,110,77,0.028060,-1
0,0,653,680,0.012218,-1
515,396,65,68,0.002378,-1
510,392,202,132,0.001405,-1
0,505,687,175,0.000950,-1
323,369,106,100,0.000454,-1
804,0,219,70,0.053554,-1
569,261,179,151,0.012595,-1
375,199,284,220,0.001736,-1
375,199,208,138,0.001549,-1
821,167,59,51,0.005519,-1
767,291,137,121,0.001856,-1
327,425,70,64,0.001767,-1
241,543,292,51,0.000927,-1
646,335,102,137,0.000539,-1
432,278,177,137,0.000975,-1
508,357,127,125,0.001955,-1
344,377,53,112,0.000139,-1
323,377,74,112,0.000903,-1
0,285,204,335,0.002440,-1
767,286,162,132,0.000624,-1
130,267,90,152,0.000725,-1
491,117,195,126,0.001143,-1
490,324,85,91,0.001297,-1
0,259,289,421,0.001506,-1
490,237,258,203,0.012048,-1
545,454,141,70,0.000480,-1
741,378,119,94,0.005989,-1
341,199,318,239,0.003075,-1
213,362,184,121,0.000779,-1
506,323,103,92,0.000670,-1
161,336,179,217,0.000233,-1
46,148,241,323,0.003386,-1
672,214,68,72,0.001809,-1
168,504,226,151,0.000804,-1
241,505,412,89,0.000575,-1
550,316,198,164,0.001043,-1
179,324,456,240,0.005073,-1
229,462,79,32,0.000724,-1
827,201,129,96,0.002930,-1
315,199,268,235,0.001577,-1
188,137,146,255,0.003273,-1
569,234,118,163,0.001952,-1
54,148,132,206,0.004543,-1
0,259,645,421,0.001366,-1
130,254,104,144,0.000477,-1
0,254,748,426,0.002101,-1
607,331,52,62,0.001238,-1
407,396,85,69,0.013924,-1
848,459,72,47,0.003405,-1
741,345,143,127,0.003532,-1
168,494,179,120,0.000662,-1
344,336,173,129,0.001557,-1
273,242,61,102,0.000477,-1
186,199,473,360,0.004128,-1
767,311,127,78,0.000660,-1
566,316,182,124,0.002263,-1
23,259,111,186,0.000622,-1
789,213,100,84,0.002074,-1
344,377,53,66,0.000546,-1
40,384,85,61,0.000534,-1
295,584,69,71,0.000884,-1
490,323,124,115,0.001231,-1
646,335,84,77,0.012587,-1
545,392,278,288,0.001566,-1
119,309,168,162,0.002012,-1
0,483,204,164,0.000868,-1
23,259,175,212,0.001512,-1
140,488,74,100,0.000651,-1
459,199,124,138,0.002139,-1
0,0,246,89,0.000094,-1
213,382,136,112,0.001086,-1
587,359,47,79,0.000542,-1
430,394,62,43,0.002352,-1
455,313,159,125,0.001829,-1
566,331,105,108,0.000657,-1
54,148,199,172,0.005473,-1
0,259,687,421,0.001482,-1
186,401,154,152,0.000992,-1
0,285,394,395,0.000445,-1
23,285,102,117,0.000875,-1
569,261,179,179,0.010243,-1
765,149,115,124,0.013652,-1
213,199,446,270,0.001450,-1
0,82,336,409,0.009574,-1
344,362,85,70,0.000955,-1
522,217,61,80,0.001996,-1
513,324,78,73,0.000754,-1
756,201,267,452,0.005230,-1
493,199,90,126,0.003878,-1
477,278,44,84,0.001944,-1
45,295,75,49,0.003347,-1
767,247,162,171,0.001149,-1
390,321,131,113,0.000907,-1
394,299,127,89,0.000261,-1
0,595,94,52,0.000935,-1
606,167,417,486,0.004192,-1
607,331,62,62,0.002183,-1
341,199,299,216,0.001916,-1
569,225,161,187,0.007200,-1
339,377,58,89,0.000384,-1
486,519,114,34,0.001542,-1
758,0,265,262,0.002796,-1
130,254,172,187,0.004410,-1
490,261,169,177,0.004898,-1
516,333,196,147,0.001049,-1
510,474,132,42,0.001458,-1
0,483,58,114,0.003028,-1
62,309,185,234,0.003042,-1
607,282,101,61,0.003337,-1
0,148,1023,532,0.002913,-1
213,321,333,148,0.002825,-1
566,359,146,121,0.001953,-1
664,214,181,85,0.004795,-1
54,148,248,293,0.004763,-1
566,355,43,78,0.000785,-1
0,82,635,538,0.006829,-1
295,505,392,175,0.001187,-1
566,285,182,155,0.008340,-1
161,336,47,80,0.000506,-1
426,388,91,77,0.004678,-1
213,385,106,83,0.003980,-1
130,254,172,214,0.002310,-1
23,148,612,411,0.005333,-1
508,357,121,107,0.001427,-1
140,488,91,126,0.000619,-1
430,388,87,49,0.006927,-1
455,323,152,92,0.001338,-1
756,160,267,351,0.010201,-1
545,0,478,680,0.002360,-1
254,137,82,212,0.000909,-1
811,332,118,179,0.005603,-1
298,280,60,83,0.000683,-1
355,0,668,680,0.005718,-1
578,392,134,88,0.000825,-1
861,354,63,76,0.041915,-1
0,259,208,361,0.001830,-1
0,0,823,680,0.006011,-1
861,354,85,76,0.091090,-1
291,253,45,96,0.000146,-1
578,234,109,57,0.002783,-1
569,261,108,136,0.002172,-1
304,593,109,87,0.002746,-1
54,148,270,250,0.005107,-1
566,355,68,83,0.000814,-1
160,488,234,126,0.000710,-1
550,316,180,164,0.001670,-1
140,0,883,680,0.004422,-1
0,148,687,532,0.002131,-1
0,488,533,192,0.000489,-1
23,254,612,310,0.003573,-1
0,82,281,538,0.004121,-1
767,291,137,77,0.005299,-1
493,161,411,363,0.001262,-1
836,291,68,98,0.002119,-1
697,479,326,201,0.001239,-1
596,461,427,219,0.004878,-1
23,259,264,212,0.002196,-1
0,0,686,620,0.007036,-1
90,174,144,224,0.002793,-1
90,174,79,146,0.000931,-1
23,409,166,173,0.002574,-1
326,405,309,154,0.005386,-1
393,299,128,135,0.000647,-1
168,494,179,120,0.000662,-1
256,461,767,219,0.000646,-1
0,0,768,620,0.010049,-1
323,369,37,100,0.000694,-1
99,211,70,109,0.001286,-1
346,0,677,653,0.003758,-1
741,332,188,179,0.003198,-1
566,313,93,120,0.001740,-1
90,174,144,267,0.002059,-1
90,174,96,180,0.001392,-1
607,316,47,77,0.000417,-1
664,144,216,142,0.011516,-1
211,530,377,64,0.000448,-1
455,324,120,91,0.000478,-1
574,283,82,87,0.001605,-1
145,254,89,165,0.000434,-1
607,316,52,77,0.000452,-1
225,0,277,363,0.001465,-1
54,148,131,107,0.011414,-1
0,0,1023,594,0.004225,-1
186,323,562,357,0.004035,-1
444,313,165,139,0.001262,-1
544,397,85,62,0.004809,-1
879,167,106,147,0.004456,-1
161,261,587,333,0.003197,-1
23,148,630,466,0.005934,-1
186,323,526,271,0.003449,-1
168,504,245,176,0.000395,-1
390,321,239,144,0.003188,-1
245,535,149,59,0.000427,-1
0,483,357,197,0.000643,-1
46,259,607,335,0.002334,-1
161,336,400,228,0.002990,-1
0,82,635,598,0.004018,-1
23,174,800,506,0.004031,-1
0,409,687,271,0.001425,-1
0,409,204,211,0.001249,-1
510,261,238,263,0.001105,-1
767,213,137,176,0.002100,-1
326,357,309,202,0.001846,-1
260,185,74,159,0.000683,-1
705,229,184,70,0.008602,-1
821,114,114,104,0.001413,-1
130,199,774,395,0.002180,-1
50,0,718,419,0.001224,-1
575,237,79,156,0.002414,-1
414,321,193,131,0.001599,-1
260,185,62,95,0.000660,-1
508,357,121,102,0.000960,-1
510,167,513,513,0.005391,-1
759,479,210,174,0.006306,-1
445,321,146,76,0.000379,-1
608,393,104,87,0.001076,-1
0,483,45,84,0.006048,-1
323,369,74,114,0.000242,-1
407,336,181,129,0.001130,-1
407,388,181,77,0.004960,-1
426,237,322,287,0.000845,-1
185,494,348,100,0.000282,-1
827,201,158,113,0.003276,-1
375,199,208,189,0.000494,-1
569,313,40,84,0.000784,-1
323,369,70,100,0.000374,-1
490,336,139,128,0.000717,-1
211,336,501,258,0.002126,-1
23,259,175,323,0.002167,-1
772,188,132,134,0.003138,-1
510,316,238,208,0.001115,-1
0,82,281,538,0.004121,-1
341,350,80,74,0.000250,-1
326,377,309,182,0.003810,-1
23,148,301,323,0.005784,-1
0,259,561,421,0.000582,-1
566,316,113,123,0.001749,-1
550,355,129,104,0.002502,-1
0,82,324,538,0.003885,-1
0,201,1023,479,0.002828,-1
493,199,255,239,0.005064,-1
0,82,444,538,0.004063,-1
0,259,394,421,0.000438,-1
754,325,108,108,0.002605,-1
186,396,449,163,0.006847,-1
645,440,111,63,0.001080,-1
697,506,326,174,0.000869,-1
23,259,107,143,0.000976,-1
414,329,78,90,0.000414,-1
600,225,85,54,0.002920,-1
0,199,1023,481,0.002539,-1
0,0,635,559,0.003315,-1
315,330,129,102,0.000217,-1
393,321,128,144,0.000713,-1
185,494,209,100,0.000653,-1
337,134,246,210,0.004235,-1
130,199,618,395,0.002884,-1
241,535,208,59,0.000678,-1
211,530,238,64,0.000717,-1
569,283,161,129,0.008393,-1
179,381,456,178,0.007040,-1
765,149,60,45,0.002313,-1
99,211,135,187,0.002063,-1
0,0,1023,680,0.006757,-1
375,216,131,119,0.001924,-1
569,211,335,243,0.003683,-1
23,148,326,405,0.004396,-1
417,299,104,45,0.000443,-1
249,137,195,254,0.003940,-1
341,329,127,90,0.001671,-1
23,259,175,212,0.001512,-1
444,388,73,49,0.005008,-1
606,229,276,136,0.001582,-1
569,285,71,112,0.002519,-1
23,254,538,310,0.002639,-1
315,321,206,148,0.000792,-1
606,229,320,183,0.003561,-1
606,273,71,63,0.002230,-1
0,357,823,323,0.001500,-1
315,199,325,270,0.001912,-1
414,285,226,174,0.002159,-1
187,410,100,58,0.002719,-1
186,331,562,228,0.003589,-1
481,0,287,187,0.000097,-1
493,199,237,213,0.003252,-1
213,329,279,140,0.002287,-1
202,392,510,288,0.002263,-1
566,313,43,120,0.001167,-1
393,329,75,103,0.000984,-1
0,0,768,491,0.002087,-1
493,199,192,198,0.004739,-1
767,237,159,175,0.001409,-1
337,75,165,216,0.002144,-1
426,417,73,48,0.001611,-1
664,168,90,118,0.004765,-1
179,321,508,359,0.002992,-1
23,148,317,405,0.005061,-1
778,332,151,179,0.007105,-1
767,311,162,107,0.001418,-1
160,382,493,298,0.002847,-1
23,409,510,205,0.002028,-1
0,388,653,292,0.001596,-1
459,199,298,281,0.001921,-1
0,483,687,197,0.000474,-1
0,82,653,573,0.005896,-1
260,185,232,284,0.000944,-1
455,199,293,241,0.004189,-1
229,403,90,91,0.001424,-1
756,0,267,653,0.005025,-1
269,185,53,66,0.001484,-1
538,359,174,123,0.001357,-1
569,237,161,175,0.007383,-1
140,488,254,192,0.000190,-1
355,0,668,565,0.003076,-1
213,362,136,107,0.000619,-1
213,369,184,100,0.002050,-1
0,0,365,183,0.000162,-1
0,82,583,409,0.002772,-1
510,392,202,132,0.001405,-1
545,474,109,50,0.000218,-1
344,367,148,98,0.001520,-1
545,392,167,132,0.000785,-1
145,263,77,103,0.001333,-1
672,0,351,299,0.004315,-1
0,82,748,573,0.003545,-1
878,201,78,94,0.004455,-1
426,396,66,69,0.002028,-1
588,0,435,299,0.000725,-1
0,0,540,363,0.001212,-1
346,0,677,299,0.004140,-1
0,509,158,138,0.000516,-1
46,254,307,299,0.000571,-1
326,336,309,223,0.001058,-1
664,161,157,125,0.022089,-1
827,201,129,96,0.002930,-1
315,299,320,260,0.000456,-1
186,0,562,559,0.004190,-1
574,237,134,133,0.001927,-1
606,188,283,189,0.003667,-1
145,210,299,259,0.001386,-1
213,330,231,139,0.000761,-1
856,291,48,87,0.003853,-1
225,0,798,571,0.003848,-1
119,309,704,371,0.002093,-1
211,505,442,175,0.000681,-1
566,331,182,108,0.000986,-1
445,321,157,131,0.001686,-1
0,24,246,65,0.000203,-1
789,201,167,96,0.004353,-1
574,0,449,454,0.004202,-1
254,137,267,332,0.001373,-1
685,168,69,64,0.001308,-1
0,0,342,491,0.007819,-1
119,263,212,290,0.001416,-1
545,393,167,131,0.000819,-1
789,188,100,109,0.001103,-1
23,174,175,297,0.001940,-1
516,359,196,153,0.000402,-1
249,137,73,143,0.001377,-1
459,199,200,216,0.004448,-1
326,323,386,236,0.000569,-1
291,253,201,216,0.000858,-1
270,330,174,93,0.001211,-1
0,0,635,582,0.005492,-1
375,199,373,240,0.004832,-1
510,335,238,230,0.001164,-1
878,167,107,126,0.011675,-1
168,524,420,70,0.000562,-1
90,137,431,282,0.007301,-1
861,256,162,228,0.003745,-1
186,432,145,121,0.000785,-1
697,308,326,372,0.002198,-1
889,388,126,55,0.013587,-1
588,0,209,212,0.000815,-1
168,403,281,211,0.002333,-1
45,251,242,220,0.002524,-1
510,392,202,151,0.001871,-1
115,24,90,32,0.000291,-1
566,331,146,149,0.000734,-1
588,72,130,210,0.000946,-1
459,72,255,325,0.001561,-1
0,259,823,421,0.002825,-1
186,321,449,238,0.004540,-1
600,114,335,389,0.003020,-1
811,428,96,50,0.001343,-1
326,377,309,182,0.003810,-1
827,167,158,211,0.005788,-1
119,309,79,162,0.001924,-1
886,226,99,88,0.002961,-1
339,321,182,144,0.001144,-1
493,199,352,239,0.013505,-1
545,237,203,287,0.000402,-1
566,261,74,177,0.001029,-1
375,199,281,147,0.003371,-1
575,261,65,85,0.012854,-1
566,333,146,147,0.000956,-1
759,352,256,301,0.002032,-1
510,229,394,295,0.000707,-1
821,167,96,81,0.002038,-1
187,401,115,67,0.001724,-1
23,254,1000,426,0.002160,-1
326,377,58,106,0.001298,-1
827,167,157,81,0.017031,-1
0,0,583,491,0.002209,-1
606,0,417,653,0.003099,-1
588,117,98,126,0.000362,-1
315,321,265,148,0.001467,-1
765,114,170,183,0.009224,-1
355,0,413,243,0.000345,-1
390,321,156,144,0.000566,-1
304,459,719,221,0.000662,-1
461,388,127,76,0.003630,-1
444,324,191,158,0.001293,-1
588,117,98,126,0.000362,-1
315,330,129,94,0.000638,-1
490,324,139,140,0.001113,-1
575,237,173,232,0.002073,-1
510,240,419,440,0.001585,-1
766,167,138,222,0.002121,-1
241,0,782,680,0.003569,-1
179,381,150,113,0.001081,-1
179,381,140,87,0.003391,-1
169,167,84,100,0.005717,-1
355,0,668,299,0.003479,-1
360,329,228,136,0.001629,-1
23,199,612,365,0.002783,-1
765,114,170,134,0.008336,-1
575,261,173,179,0.012679,-1
186,405,375,154,0.002890,-1
90,137,244,255,0.004307,-1
508,357,121,102,0.000960,-1
756,0,267,511,0.022502,-1
92,211,77,94,0.000619,-1
574,234,100,136,0.003294,-1
140,488,429,192,0.000296,-1
391,330,126,135,0.001140,-1
697,127,326,553,0.002114,-1
375,199,231,126,0.008091,-1
575,237,173,183,0.006406,-1
391,396,108,69,0.010246,-1
767,167,218,222,0.002141,-1
23,0,1000,680,0.006042,-1
698,378,162,116,0.002989,-1
812,286,92,67,0.003007,-1
477,321,98,94,0.000989,-1
856,291,115,139,0.001349,-1
346,0,677,454,0.007460,-1
432,321,148,117,0.001018,-1
211,167,812,513,0.004110,-1
213,299,308,170,0.001790,-1
62,409,127,110,0.001514,-1
775,188,93,80,0.001469,-1
444,324,185,140,0.002057,-1
0,82,281,409,0.006163,-1
0,483,45,57,0.018843,-1
326,357,303,202,0.001702,-1
664,161,225,138,0.008049,-1
824,114,111,85,0.000310,-1
344,321,202,144,0.000859,-1
291,253,153,171,0.004760,-1
767,167,256,263,0.009964,-1
861,332,110,98,0.005422,-1
445,335,303,257,0.001522,-1
877,201,79,76,0.005198,-1
0,0,1023,680,0.006757,-1
545,393,167,131,0.000819,-1
270,330,174,139,0.001618,-1
459,205,81,86,0.001198,-1
756,351,106,120,0.006900,-1
607,333,141,136,0.000967,-1
606,229,298,274,0.001265,-1
341,313,167,119,0.000565,-1
574,214,168,182,0.004856,-1
0,0,520,386,0.001233,-1
690,0,333,273,0.003707,-1
46,259,84,83,0.004818,-1
186,321,526,238,0.003189,-1
315,278,206,191,0.000821,-1
0,0,249,89,0.000068,-1
575,168,179,204,0.005482,-1
778,382,129,129,0.006912,-1
0,0,1023,469,0.002069,-1
0,0,904,680,0.006927,-1
944,408,71,49,0.002133,-1
186,357,467,323,0.001375,-1
304,256,719,424,0.001909,-1
186,336,449,223,0.004689,-1
315,199,415,235,0.006007,-1
0,0,1023,620,0.003619,-1
341,313,176,152,0.000622,-1
326,313,235,246,0.000331,-1
0,0,415,491,0.003855,-1
481,72,257,298,0.004908,-1
606,229,298,149,0.002730,-1
0,595,289,85,0.005060,-1
323,377,74,112,0.000903,-1
337,72,401,219,0.005244,-1
861,364,117,93,0.004189,-1
0,82,653,598,0.005483,-1
0,273,1023,407,0.004304,-1
211,530,136,48,0.000600,-1
461,405,90,59,0.003592,-1
493,0,530,524,0.002406,-1
732,232,113,67,0.003922,-1
204,321,317,232,0.002156,-1
739,144,129,103,0.008759,-1
756,201,267,310,0.011771,-1
672,202,129,97,0.010391,-1
649,410,79,62,0.001225,-1
0,0,894,680,0.008682,-1
759,332,264,321,0.005613,-1
756,291,173,220,0.000849,-1
875,127,60,47,0.000334,-1
119,309,101,162,0.000874,-1
23,251,264,220,0.002093,-1
390,329,78,136,0.001146,-1
606,188,350,201,0.002335,-1
186,357,467,235,0.003056,-1
186,424,154,129,0.000564,-1
588,0,347,297,0.001814,-1
621,0,147,173,0.000074,-1
569,117,320,295,0.006013,-1
665,144,203,142,0.015684,-1
393,329,123,136,0.001199,-1
856,308,104,45,0.003073,-1
23,211,279,305,0.001411,-1
445,161,484,519,0.004440,-1
303,134,273,215,0.003369,-1
0,82,340,471,0.009325,-1
589,167,434,417,0.003954,-1
241,0,782,680,0.003569,-1
606,67,417,613,0.003550,-1
575,237,155,157,0.003442,-1
393,360,124,105,0.002035,-1
326,167,697,513,0.008329,-1
741,332,188,179,0.003198,-1
23,211,538,371,0.001268,-1
508,357,121,107,0.001427,-1
510,392,202,132,0.001405,-1
545,114,478,410,0.008769,-1
213,299,367,170,0.002773,-1
0,0,597,392,0.001300,-1
0,0,748,582,0.007225,-1
168,161,855,519,0.003987,-1
493,117,193,280,0.004240,-1
161,336,96,126,0.001461,-1
859,308,143,122,0.004348,-1
576,273,111,63,0.003123,-1
204,232,819,448,0.002233,-1
566,261,88,178,0.001527,-1
341,330,103,102,0.000503,-1
187,382,142,86,0.002836,-1
179,381,174,175,0.000719,-1
143,164,172,183,0.001694,-1
741,411,81,61,0.003023,-1
168,357,519,323,0.002097,-1
789,188,79,72,0.001751,-1
459,199,271,216,0.004503,-1
23,148,175,323,0.002715,-1
588,117,166,169,0.002071,-1
545,392,167,132,0.000785,-1
767,247,204,183,0.001156,-1
270,350,291,209,0.000480,-1
260,219,261,250,0.001111,-1
99,211,135,187,0.002063,-1
767,167,256,269,0.007653,-1
161,0,862,680,0.002314,-1
510,325,352,199,0.001067,-1
0,0,889,559,0.002862,-1
636,214,102,72,0.002929,-1
596,378,279,302,0.002509,-1
759,528,192,125,0.019537,-1
90,125,545,434,0.005383,-1
643,161,246,342,0.002441,-1
346,72,340,207,0.002462,-1
315,310,153,133,0.000134,-1
315,216,206,249,0.000972,-1
315,205,261,354,0.000336,-1
741,332,228,321,0.005277,-1
631,0,392,680,0.002624,-1
62,409,332,205,0.001009,-1
62,405,591,209,0.000738,-1
196,382,827,298,0.002452,-1
296,75,434,394,0.002693,-1
355,0,668,503,0.002808,-1
600,114,335,251,0.003837,-1
545,0,478,524,0.005393,-1
326,329,235,230,0.000241,-1
495,357,85,107,0.002763,-1
426,405,100,60,0.002291,-1
315,199,268,266,0.000774,-1
606,273,147,92,0.001390,-1
459,205,117,120,0.002145,-1
0,21,1023,659,0.003776,-1
732,232,157,67,0.005062,-1
481,72,399,325,0.016010,-1
598,392,81,47,0.002611,-1
621,0,402,262,0.002234,-1
645,211,281,292,0.001582,-1
459,0,564,524,0.002999,-1
241,229,782,451,0.002106,-1
574,149,315,237,0.004496,-1
754,359,106,74,0.003956,-1
522,144,367,276,0.006834,-1
23,417,208,171,0.001037,-1
23,417,160,165,0.002132,-1
164,344,44,97,0.000771,-1
575,214,163,132,0.005503,-1
698,232,184,222,0.002939,-1
877,239,61,56,0.002097,-1
493,199,166,216,0.009616,-1
204,367,431,209,0.005084,-1
99,211,158,251,0.003009,-1
0,82,340,500,0.007332,-1
393,205,183,227,0.000900,-1
315,299,193,135,0.000226,-1
953,256,70,67,0.001595,-1
491,117,306,170,0.006609,-1
811,332,118,146,0.004260,-1
375,205,201,134,0.001807,-1
213,75,535,484,0.003686,-1
706,247,220,207,0.000509,-1
706,359,134,95,0.002195,-1
375,216,131,168,0.002460,-1
23,0,1000,680,0.006042,-1
0,405,1023,275,0.001505,-1
0,82,324,409,0.007871,-1
326,205,303,354,0.000437,-1
326,405,327,187,0.003302,-1
459,205,181,165,0.004202,-1
690,168,77,64,0.001244,-1
600,189,282,314,0.002446,-1
575,189,307,314,0.001647,-1
459,199,289,240,0.006743,-1
481,72,454,325,0.007093,-1
164,344,74,103,0.002640,-1
260,155,232,314,0.001413,-1
326,324,386,235,0.000592,-1
645,211,237,292,0.001430,-1
569,189,335,314,0.001038,-1
569,229,313,191,0.020104,-1
23,259,107,155,0.000680,-1
0,417,183,191,0.001844,-1
495,357,134,102,0.001267,-1
685,161,112,87,0.002031,-1
50,0,973,393,0.003713,-1
645,285,195,218,0.003246,-1
569,114,366,375,0.002794,-1
391,417,70,48,0.005189,-1
606,232,211,222,0.008595,-1
516,237,324,328,0.000998,-1
291,185,153,239,0.001575,-1
180,494,67,70,0.000482,-1
918,256,105,223,0.003313,-1
0,509,645,171,0.000582,-1
576,225,132,100,0.003070,-1
918,308,84,62,0.001116,-1
341,205,202,214,0.001063,-1
241,0,782,680,0.003569,-1
46,259,174,212,0.001678,-1
46,259,152,212,0.001437,-1
23,259,166,323,0.001929,-1
291,212,70,132,0.001793,-1
856,160,167,278,0.011113,-1
393,321,115,111,0.000510,-1
23,409,630,246,0.000872,-1
574,214,166,179,0.006789,-1
0,0,1023,680,0.006757,-1
186,299,467,277,0.004822,-1
23,211,185,260,0.001732,-1
23,148,538,411,0.002701,-1
186,329,414,230,0.002505,-1
393,329,99,103,0.000928,-1
0,0,1023,503,0.001338,-1
160,488,83,100,0.000334,-1
188,0,314,392,0.003921,-1
23,148,538,411,0.002701,-1
856,291,115,79,0.000935,-1
0,0,365,620,0.005256,-1
168,524,129,129,0.000953,-1
315,313,153,119,0.000240,-1
455,324,120,76,0.000300,-1
249,161,73,118,0.001501,-1
631,256,392,424,0.001884,-1
225,0,398,419,0.002559,-1
789,213,115,140,0.001783,-1
341,299,176,166,0.000947,-1
566,261,164,229,0.000582,-1
741,291,76,57,0.001673,-1
894,239,86,75,0.002805,-1
0,0,364,680,0.002550,-1
856,160,167,218,0.006643,-1
291,253,103,110,0.004340,-1
698,378,162,185,0.002849,-1
774,170,106,98,0.003793,-1
0,82,653,573,0.005896,-1
606,273,147,92,0.001390,-1
23,295,102,107,0.001202,-1
744,149,145,148,0.009140,-1
242,0,526,349,0.004118,-1
291,134,211,229,0.002925,-1
578,234,130,86,0.001883,-1
0,0,502,491,0.001845,-1
698,232,119,145,0.002623,-1
46,148,126,173,0.004052,-1
186,205,467,371,0.004485,-1
303,183,76,166,0.000902,-1
0,0,502,491,0.001845,-1
270,134,270,335,0.000562,-1
310,0,376,363,0.003021,-1
575,234,178,159,0.002719,-1
186,324,443,235,0.005429,-1
119,309,221,244,0.000558,-1
879,167,105,126,0.011508,-1
645,256,378,424,0.002487,-1
889,398,72,40,0.004835,-1
270,329,188,160,0.001777,-1
643,276,102,89,0.001093,-1
303,212,58,105,0.002758,-1
188,137,206,255,0.007023,-1
355,0,472,243,0.001382,-1
767,239,256,245,0.004882,-1
23,174,630,408,0.003538,-1
225,0,798,454,0.005897,-1
186,324,526,235,0.003466,-1
0,82,502,409,0.002873,-1
784,67,239,195,0.008602,-1
664,214,50,68,0.000933,-1
186,405,449,154,0.006505,-1
0,82,600,538,0.003352,-1
0,0,768,680,0.005036,-1
355,0,472,212,0.000330,-1
645,232,237,271,0.002436,-1
46,259,307,294,0.000702,-1
0,82,281,500,0.004622,-1
296,330,148,139,0.000711,-1
545,232,337,292,0.001049,-1
889,256,134,228,0.005580,-1
23,409,220,205,0.001497,-1
186,310,467,266,0.003347,-1
706,359,201,152,0.005121,-1
201,0,396,363,0.001893,-1
738,286,166,103,0.003748,-1
0,0,1023,524,0.002401,-1
0,19,1023,661,0.004889,-1
861,308,110,122,0.001514,-1
186,405,467,189,0.002763,-1
326,313,303,246,0.000578,-1
296,330,148,93,0.001086,-1
944,436,79,43,0.002588,-1
732,232,113,74,0.003659,-1
270,310,188,151,0.000780,-1
242,0,781,503,0.002394,-1
169,167,155,225,0.002207,-1
119,309,481,250,0.002230,-1
23,254,631,340,0.002336,-1
160,488,123,126,0.000225,-1
763,244,197,200,0.001618,-1
0,348,31,143,0.000460,-1
204,392,357,167,0.002253,-1
0,0,659,469,0.003156,-1
273,483,483,197,0.000997,-1
596,483,160,197,0.000869,-1
23,251,733,429,0.002097,-1
861,256,162,197,0.002777,-1
119,309,534,267,0.005328,-1
811,428,140,56,0.000875,-1
46,0,608,594,0.007788,-1
344,552,165,42,0.000765,-1
664,168,137,138,0.014316,-1
0,0,768,491,0.002087,-1
837,479,132,92,0.000817,-1
0,148,748,532,0.003756,-1
820,454,155,57,0.002422,-1
600,161,289,204,0.003719,-1
861,226,162,258,0.005843,-1
953,258,70,65,0.001664,-1
186,388,467,188,0.007622,-1
784,67,239,132,0.003223,-1
821,114,86,104,0.004992,-1
545,232,337,448,0.001536,-1
179,357,475,237,0.003049,-1
698,406,154,88,0.001515,-1
545,407,214,158,0.000591,-1
698,211,184,209,0.005106,-1
545,386,214,138,0.000365,-1
213,310,255,183,0.002307,-1
168,424,485,170,0.002669,-1
186,401,360,158,0.002264,-1
345,205,198,144,0.002837,-1
0,82,687,598,0.004180,-1
186,0,837,680,0.003220,-1
809,239,214,332,0.002869,-1
0,0,502,620,0.004349,-1
545,410,183,114,0.001478,-1
92,199,656,415,0.003592,-1
38,488,176,94,0.001592,-1
0,461,823,219,0.000696,-1
225,0,798,349,0.004390,-1
0,0,365,582,0.005925,-1
326,393,399,166,0.002097,-1
0,0,730,680,0.006700,-1
0,254,1023,426,0.002208,-1
645,329,195,174,0.001379,-1
631,470,392,210,0.003523,-1
186,357,637,323,0.001532,-1
241,232,782,448,0.001928,-1
545,433,171,91,0.000540,-1
0,0,669,680,0.007854,-1
0,254,722,426,0.001837,-1
0,267,687,413,0.001478,-1
0,0,607,430,0.001566,-1
21,21,1002,634,0.005317,-1
241,189,782,491,0.002661,-1
0,148,748,466,0.004637,-1
23,259,630,335,0.002228,-1
23,118,1000,562,0.003173,-1
0,0,827,363,0.002417,-1
0,232,1023,448,0.001516,-1
0,148,1023,532,0.002913,-1
92,118,656,537,0.006129,-1
0,19,984,661,0.006371,-1
0,0,748,614,0.008779,-1
130,254,618,401,0.004380,-1
0,148,889,507,0.003848,-1
23,148,866,507,0.003651,-1
23,0,1000,655,0.006805,-1
0,0,607,430,0.001566,-1
45,118,712,562,0.005326,-1
23,74,866,606,0.002858,-1
21,148,863,440,0.005281,-1
92,201,931,479,0.001880,-1
130,303,893,377,0.001976,-1
23,0,961,680,0.004993,-1
23,74,961,581,0.003265,-1
23,74,866,581,0.003806,-1
23,118,1000,537,0.005042,-1
45,174,978,479,0.003749,-1
26,0,997,655,0.008570,-1
130,127,805,367,0.001232,-1
130,199,618,415,0.003751,-1
